((("corner" .
   [1 0 0 0 0 0])
  ("left" .
   [1 0 0 0])
  ("about" .
   [1 0 0 0 0])
  ("rotation" .
   [1 0 0 0 0 0 0 0])
  ("Given" .
   [1 0 0 0 0])
  ("round" .
   [1 0 0 0 0])
  ("byebug" .
   [1 0 2 4 0 0])
  ("extend" .
   [1 0 0 0 0 0])
  ("private" .
   [1 0 0 0 0 0 0])
  ("flatten" .
   [1 0 0 0 0 0 0])
  ("ft" .
   [3 0])
  ("max" .
   [3 0 0])
  ("maximum" .
   [0 0 0 0 1 0 0])
  ("avg" .
   [4 0 0])
  ("xs" .
   [1 0])
  (":_y" .
   [1 0 0])
  ("arr" .
   [1 0 0])
  ("eq" .
   [1 0])
  ("to_i" .
   [4 0 0 0])
  ("end" .
   [1 0 0])
  ("if" .
   [1 0])
  ("unless" .
   [0 0 0 0 0 1])
  ("back_dir" .
   [0 0 0 1 1 0 0 0])
  ("r" .
   [1])
  ("running" .
   [1 0 0 0 0 0 0])
  ("rule" .
   [3 0 0 0])
  ("Content" .
   [1 0 0 0 0 0 0])
  ("before" .
   [1 0 0 0 0 0])
  ("following" .
   [1 0 0 0 0 0 0 0 0])
  ("remove" .
   [1 0 0 0 0 0])
  ("ContentPlacement::STATUS" .
   [0 0 0 0 0 0 0 0 0 0 0 0 0 0 0 0 0 0 1 0 0 0 0 0])
  ("content" .
   [1 0 0 0 0 0 0])
  ("CP" .
   [0 1])
  ("cp" .
   [2 0])
  ("en" .
   [1 0])
  ("to_f" .
   [6 0 0 0])
  ("rcp" .
   [1 0 0])
  ("new" .
   [5 0 0])
  ("ContentPlacement" .
   [0 0 0 0 0 0 0 0 0 1 0 1 0 0 0 0])
  ("map" .
   [5 0 0])
  ("raw_content_placements_data" .
   [0 0 0 1 0 0 0 0 0 0 0 0 0 0 0 0 0 0 0 0 0 0 0 0 0 0 0])
  ("content_placements" .
   [0 0 0 0 0 0 0 0 0 2 0 0 0 0 0 0 0 0])
  ("stderr" .
   [2 0 0 1 0 0])
  ("put" .
   [28 0 0])
  ("version" .
   [1 0 0 0 0 0 0])
  ("grown" .
   [1 0 0 0 0])
  ("home" .
   [1 0 0 0])
  ("json" .
   [1 0 0 0])
  ("place" .
   [1 0 0 0 0])
  ("below" .
   [2 0 0 0 0])
  ("block" .
   [1 0 0 0 0])
  ("respond_to" .
   [0 0 0 0 0 0 1 0 0 0])
  ("proper" .
   [1 0 0 0 0 0])
  ("add" .
   [1 0 0])
  ("need" .
   [1 0 0 0])
  ("TODO:" .
   [2 0 0 0 0])
  ("debugger" .
   [3 0 0 0 3 0 1 0])
  ("Description" .
   [0 0 0 0 0 0 0 0 1 0 0])
  ("video" .
   [1 0 0 0 0])
  ("Date" .
   [1 0 0 0])
  ("branch>" .
   [0 0 0 0 0 0 1])
  ("System" .
   [0 0 0 0 0 1])
  ("This" .
   [1 0 0 0])
  ("Tue" .
   [1 0 0])
  ("branches" .
   [2 0 0 0 0 0 0 0])
  ("various" .
   [1 0 0 0 0 0 0])
  ("table" .
   [1 0 0 0 0])
  ("Create" .
   [1 0 0 0 0 0])
  ("Details" .
   [0 0 0 0 1 0 0])
  ("descriptions" .
   [0 0 0 0 0 0 0 0 0 0 0 1])
  ("level" .
   [1 0 0 0 0])
  ("High" .
   [1 0 0 0])
  ("responsible" .
   [1 0 0 0 0 0 0 0 0 0 0])
  ("John" .
   [1 0 0 0])
  ("stuff" .
   [1 0 0 0 0])
  ("JH's" .
   [0 0 1 0])
  ("Review" .
   [1 0 0 0 0 0])
  ("those" .
   [2 0 0 0 0])
  ("code" .
   [1 0 0 0])
  ("them" .
   [1 0 0 0])
  ("made" .
   [1 0 0 0])
  ("videos" .
   [1 0 0 0 0 0])
  ("what" .
   [7 0 0 0])
  ("Determine" .
   [3 0 0 0 0 0 0 0 0])
  ("and" .
   [3 0 0])
  ("Login" .
   [0 0 0 0 1])
  ("last" .
   [1 0 0 0])
  ("crit" .
   [1 0 0 0])
  ("using" .
   [1 0 0 0 0])
  ("rogers" .
   [1 0 0 0 0 0])
  ("deploy" .
   [1 0 0 0 0 0])
  ("-----+-----------+-------" .
   [0 0 0 1 1 1 0 0 0 0 0 0 0 0 0 0 0 0 0 0 0 0 0 0 0])
  ("of" .
   [6 0])
  ("install" .
   [1 0 0 0 0 0 0])
  ("files" .
   [1 0 0 0 0])
  ("more" .
   [1 0 0 0])
  ("branch" .
   [1 0 0 0 0 0])
  ("mobile" .
   [2 0 0 0 0 0])
  ("setup" .
   [1 0 0 0 0])
  ("r2pd" .
   [2 0 0 0])
  ("deployed" .
   [1 0 0 0 0 0 0 0])
  ("commit" .
   [1 0 0 0 0 0])
  ("merge" .
   [1 0 0 1 0])
  ("due" .
   [1 0 0])
  ("skipping" .
   [1 0 0 0 0 0 0 0])
  ("Staged" .
   [0 0 0 0 0 1])
  ("r2p" .
   [2 0 0])
  (":last_login" .
   [0 0 0 0 0 1 0 0 0 0 0])
  ("find" .
   [1 0 0 0])
  ("Location" .
   [1 0 0 0 0 0 0 0])
  ("numbers" .
   [1 0 0 0 0 0 0])
  ("short" .
   [1 0 0 0 0])
  ("wants" .
   [1 0 0 0 0])
  ("Jared" .
   [1 0 0 0 0])
  ("to_json" .
   [0 0 0 0 1 0 0])
  (":json" .
   [0 0 0 0 1])
  ("render" .
   [0 0 0 1 0 0])
  (":id" .
   [1 0 0])
  ("params" .
   [0 0 0 0 1 0])
  ("info>" .
   [0 0 0 0 1])
  ("yasnippet" .
   [0 0 0 0 1 0 0 0 0])
  ("tangent" .
   [1 0 0 0 0 0 0])
  ("hash" .
   [1 0 0 0])
  ("actions" .
   [1 0 0 0 0 0 0])
  ("route" .
   [2 0 0 0 0])
  ("or" .
   [2 0])
  ("controller" .
   [2 0 0 0 0 0 0 0 0 0])
  ("kevin" .
   [1 0 0 0 0])
  ("Should" .
   [1 0 0 0 0 0])
  ("issue" .
   [1 0 0 0 0])
  ("point" .
   [2 0 0 0 0])
  ("want" .
   [1 0 0 0])
  ("here" .
   [3 0 0 0])
  ("update" .
   [3 0 1 0 0 0])
  ("Issue" .
   [1 0 0 0 0])
  ("returned" .
   [2 0 0 0 0 0 0 0])
  ("all" .
   [3 0 0])
  ("then" .
   [1 0 0 0])
  ("is" .
   [8 0])
  ("one" .
   [5 0 0])
  ("that" .
   [2 0 0 0])
  ("issues" .
   [3 0 0 0 0 0])
  ("return" .
   [1 0 0 0 0 0])
  ("only" .
   [1 0 0 0])
  ("provided" .
   [2 0 0 0 0 0 0 0])
  ("id" .
   [3 0])
  ("location" .
   [6 0 0 0 0 0 0 0])
  ("parameter" .
   [0 0 0 0 0 1 0 0 0])
  ("Query" .
   [0 0 0 1 0])
  ("with" .
   [3 0 0 0])
  ("index" .
   [5 0 0 0 0])
  ("Issues" .
   [2 0 0 0 0 0])
  ("statement" .
   [1 0 0 0 0 0 0 0 0])
  ("problem" .
   [1 0 0 0 0 0 0])
  ("New" .
   [1 0 0])
  ("**" .
   [1 0])
  ("Temporary" .
   [0 0 0 0 0 0 1 0 0])
  ("months" .
   [1 0 0 0 0 0])
  ("Set" .
   [2 0 0])
  ("Controller" .
   [0 0 0 0 0 0 0 0 0 1])
  ("change" .
   [2 0 0 0 0 0])
  ("span" .
   [1 0 0 0])
  ("Time" .
   [0 0 0 1])
  ("needed" .
   [1 0 0 0 0 0])
  ("cbt" .
   [1 0 0])
  ("v2" .
   [1 0])
  ("was" .
   [1 0 0])
  ("back" .
   [5 0 0 0])
  ("it" .
   [3 0])
  ("which" .
   [1 0 0 0 0])
  ("me" .
   [2 0])
  ("from" .
   [2 0 0 0])
  ("no" .
   [4 0])
  ("changes" .
   [3 0 0 0 0 0 0])
  ("these" .
   [1 0 0 0 0])
  ("have" .
   [3 0 0 0])
  ("must" .
   [3 0 0 0])
  ("co" .
   [1 0])
  ("git" .
   [1 0 0])
  ("changed" .
   [2 0 0 0 0 0 0])
  ("parts" .
   [1 0 0 0 0])
  ("extract" .
   [2 0 0 0 0 0 0])
  ("revert" .
   [2 0 0 0 0 0])
  (">>>>" .
   [1 0 0 0])
  ("rails" .
   [1 0 0 0 0])
  ("been" .
   [3 0 0 0])
  ("once" .
   [1 0 0 0])
  ("orders" .
   [1 0 0 0 0 0])
  ("locations" .
   [2 0 0 0 0 0 0 0 0])
  ("imported" .
   [1 0 0 0 0 0 0 0])
  ("against" .
   [2 0 0 0 0 0 0])
  ("check" .
   [2 0 0 0 0])
  ("Now" .
   [1 0 0])
  ("machine" .
   [1 0 0 0 0 0 0])
  ("local" .
   [2 0 0 0 1])
  ("import" .
   [2 0 0 0 0 0])
  ("server" .
   [1 0 0 0 0 0])
  ("sftp" .
   [1 0 0 0])
  ("remote" .
   [1 0 0 0 0 0])
  ("on" .
   [3 0])
  ("times" .
   [1 0 0 0 0])
  ("multiple" .
   [1 0 0 0 0 0 0 0])
  ("done" .
   [2 0 0 0])
  ("has" .
   [4 0 0])
  ("this" .
   [6 0 0 0])
  ("assuming" .
   [1 0 0 0 0 0 0 0])
  ("databases" .
   [1 0 0 0 0 0 0 0 0])
  ("load" .
   [1 0 0 0])
  ("file" .
   [1 0 0 0])
  ("test" .
   [2 0 0 0])
  ("the" .
   [28 0 0])
  ("up" .
   [2 0])
  ("set" .
   [2 0 0])
  ("be" .
   [5 0])
  ("rake" .
   [2 0 0 0])
  ("o2" .
   [1 0])
  ("Test" .
   [1 0 0 0])
  ("-rf" .
   [1 0 0])
  ("rm" .
   [1 0])
  ("run" .
   [1 0 0])
  ("to" .
   [12 0])
  ("log" .
   [1 0 0])
  ("to_s" .
   [1 0 1 0])
  ("record" .
   [2 0 0 0 0 0])
  ("retcon" .
   [2 0 0 0 0 0])
  ("for" .
   [2 0 0])
  ("data" .
   [7 0 0 0])
  ("again" .
   [1 0 0 0 0])
  ("work" .
   [1 0 0 0])
  ("dpd" .
   [1 0 0])
  ("grep" .
   [1 0 0 0])
  ("tab" .
   [1 0 0])
  ("another" .
   [1 0 0 0 0 0 0])
  ("open" .
   [1 0 0 0])
  ("how" .
   [2 0 0])
  ("Retcon" .
   [2 0 0 0 0 0])
  ("The" .
   [0 0 1])
  ("try" .
   [0 0 1])
  ("survey" .
   [1 0 0 0 0 0])
  ("setq" .
   [2 0 0 0])
  ("g" .
   [1])
  ("right" .
   [1 0 0 0 0])
  ("nil" .
   [3 0 0])
  ("defnd" .
   [0 0 0 1 0])
  ("defun" .
   [0 0 0 1 0])
  ("nil." .
   [0 0 0 1])
  ("f" .
   [1])
  ("just" .
   [1 0 0 0])
  ("testing" .
   [1 0 0 0 0 0 0])
  ("div" .
   [1 0 0])
  ("post" .
   [1 0 0 0])
  (":build" .
   [1 0 0 0 0 0])
  ("render_to_string" .
   [1 0 0 0 0 0 0 0 0 0 0 0 0 0 0 0])
  ("make" .
   [1 0 0 0])
  ("sure" .
   [1 0 0 0])
  ("extra" .
   [1 0 0 0 0])
  ("skuable" .
   [1 0 0 0 0 0 0])
  ("at" .
   [1 0])
  ("foo" .
   [1 0 0])
  ("de" .
   [10 0])
  ("sample" .
   [1 0 0 0 0 0])
  ("pcs" .
   [1 0 0])
  ("puts" .
   [2 0 0 0])
  ("super" .
   [2 0 0 0 0])
  ("display" .
   [2 0 0 0 0 0 0])
  ("pr" .
   [1 0])
  ("Proc" .
   [1 0 0 0])
  ("row" .
   [3 0 0])
  ("debug" .
   [8 0 0 0 0])
  ("line_number" .
   [0 0 0 1 1 0 0 0 0 1 0])
  ("comma_count" .
   [2 0 0 0 1 2 0 0 0 0 0])
  ("lines" .
   [4 0 0 0 0])
  ("number" .
   [1 0 0 0 0 0])
  ("line" .
   [4 0 0 0])
  ("infos" .
   [1 0 0 0 0])
  (":comma_count" .
   [0 0 0 0 1 0 0 0 0 0 0 0])
  ("line_numbers" .
   [1 0 0 0 0 0 0 0 0 0 0 0])
  ("uniq" .
   [1 0 0 0])
  ("header" .
   [3 0 0 0 0 0])
  ("ln" .
   [2 0])
  ("but" .
   [1 0 0])
  ("am" .
   [1 0])
  ("having" .
   [1 0 0 0 0 0])
  ("database" .
   [1 0 0 0 0 0 0 0])
  ("still" .
   [1 0 0 0 0])
  ("rows" .
   [5 0 0 0])
  ("group_by" .
   [0 0 0 0 0 0 1 0])
  (":merch" .
   [1 0 0 0 0 0])
  ("mark" .
   [2 0 0 0])
  ("rwe" .
   [0 0 1])
  ("first" .
   [3 0 0 0 0])
  ("each" .
   [3 0 0 0])
  ("source" .
   [1 0 0 0 0 0])
  ("x" .
   [1])
  ("delete" .
   [1 0 0 0 0 0])
  ("w" .
   [1])
  ("NULL" .
   [1 0 0 0])
  ("reduce" .
   [3 0 0 0 0 0])
  ("extract!" .
   [1 0 0 0 0 0 0 0])
  ("values" .
   [2 0 0 0 0 0])
  ("keys" .
   [1 0 0 0])
  ("z" .
   [1])
  ("c" .
   [1])
  ("fi" .
   [5 0])
  ("are" .
   [1 0 0])
  ("Pry" .
   [1 0 0])
  ("rescue" .
   [0 0 0 0 0 1])
  ("removed" .
   [1 0 0 0 0 0 0])
  ("NOTICE:" .
   [0 0 0 0 0 0 1])
  ("lambda" .
   [0 0 0 1 0 0])
  ("angles" .
   [1 0 0 0 0 0])
  ("into" .
   [1 0 0 0])
  ("called" .
   [1 0 0 0 0 0])
  ("by" .
   [1 0])
  ("import_fixture_positions:" .
   [0 0 0 0 0 0 0 0 1 0 0 0 0 0 0 0 0 0 0 0 0 0 0 0 0])
  ("icon_width" .
   [1 0 0 0 0 1 0 0 0 0])
  ("icon_height" .
   [3 0 0 0 1 0 0 0 0 0 0])
  ("domain" .
   [1 0 0 0 0 0])
  ("priority" .
   [1 0 0 0 0 0 0 0])
  ("priority:" .
   [1 0 0 0 0 0 0 0 0])
  ("count" .
   [1 0 0 0 0])
  ("campaigns" .
   [2 0 0 0 0 0 1 0 0])
  ("maid" .
   [2 0 0 0])
  ("campaign" .
   [1 0 0 0 0 0 0 0])
  ("d" .
   [1])
  ("args" .
   [1 0 0 0])
  ("Usage:" .
   [1 0 0 0 0 0])
  ("requires" .
   [1 0 0 0 0 0 0 0])
  ("Number" .
   [1 0 0 0 0 0])
  ("length" .
   [1 0 0 0 0 0])
  ("Campaign" .
   [1 0 0 0 0 0 0 0])
  ("name" .
   [1 0 0 0])
  ("begin_at" .
   [0 0 0 1 0 0 0 0])))
